new_2_oldTask_1: [0.1, 0.3333333333333333, 0.7083333333333334, 0.8181818181818182]
new_3_oldTask_1: [0.7, 0.5333333333333333, 0.4666666666666667]
new_3_oldTask_2: [0.5, 0.7083333333333334, 0.8636363636363636]
new_4_oldTask_1: [0.65, 0.4666666666666667, 0.5, 0.8181818181818182]
new_4_oldTask_2: [0.5416666666666666, 0.5416666666666666, 0.6071428571428571, 0.5357142857142857]
new_4_oldTask_3: [0.5, 0.4583333333333333, 0.6, 0.26666666666666666]
new_5_oldTask_1: [0.5, 0.4, 0.6666666666666666, 0.5416666666666666]
new_5_oldTask_2: [0.7083333333333334, 0.5416666666666666, 0.8928571428571429, 0.5714285714285714]
new_5_oldTask_3: [0.7083333333333334, 0.6666666666666666, 0.8333333333333334, 0.7333333333333333]
new_5_oldTask_4: [0.5, 0.25, 0.3125, 0.7]
new_6_oldTask_1: [0.75, 0.4666666666666667]
new_6_oldTask_2: [0.625, 0.5909090909090909]
new_6_oldTask_3: [0.5833333333333334, 0.75]
new_6_oldTask_4: [0.25, 0.3125]
new_6_oldTask_5: [0.4782608695652174, 0.42105263157894735]
new_7_oldTask_1: [0.75, 0.6, 0.7916666666666666, 0.7727272727272727]
new_7_oldTask_2: [0.7083333333333334, 0.7727272727272727, 0.5357142857142857, 0.6071428571428571]
new_7_oldTask_3: [0.7916666666666666, 0.4583333333333333, 0.8, 0.6]
new_7_oldTask_4: [0.25, 0.625, 0.625, 0.7916666666666666]
new_7_oldTask_5: [0.391304347826087, 0.7894736842105263, 0.631578947368421, 0.8125]
new_7_oldTask_6: [0.7619047619047619, 0.5714285714285714, 0.75, 0.7916666666666666]
new_1_oldTask_1: [0.7333333333333333, 0.8333333333333334, 0.9545454545454546]
new_1_oldTask_2: [0.7916666666666666, 0.6363636363636364, 0.5357142857142857]
new_1_oldTask_3: [0.6666666666666666, 0.8333333333333334, 0.36666666666666664]
new_1_oldTask_4: [0.25, 0.375, 0.7]
new_1_oldTask_5: [0.5652173913043478, 0.2631578947368421, 0.9375]
new_1_oldTask_6: [0.7142857142857143, 0.5416666666666666, 0.5833333333333334]
new_1_oldTask_7: [0.1875, 0.625, 0.7142857142857143]
new_3_oldTask_3: [0.7916666666666666, 0.8]
new_3_oldTask_4: [0.25, 0.6875]
new_3_oldTask_5: [0.6086956521739131, 0.5789473684210527]
new_3_oldTask_6: [0.7619047619047619, 0.9166666666666666]
new_3_oldTask_7: [0.375, 0.5]
new_5_oldTask_5: [0.7894736842105263, 0.9047619047619048, 1.0]
new_5_oldTask_6: [0.6666666666666666, 0.7083333333333334, 0.5833333333333334]
new_5_oldTask_7: [0.4375, 0.7142857142857143, 0.5714285714285714]
new_4_oldTask_4: [0.8125, 0.8, 0.9583333333333334]
new_4_oldTask_5: [0.9473684210526315, 0.6190476190476191, 0.75]
new_4_oldTask_6: [0.5238095238095238, 0.7916666666666666, 0.5833333333333334]
new_4_oldTask_7: [0.4375, 0.42857142857142855, 0.7142857142857143]
new_2_oldTask_2: [0.5909090909090909, 0.8928571428571429, 0.72]
new_2_oldTask_3: [0.4583333333333333, 0.8333333333333334, 0.2]
new_2_oldTask_4: [0.875, 0.375, 0.5416666666666666]
new_2_oldTask_5: [0.7368421052631579, 0.42105263157894735, 0.75]
new_2_oldTask_6: [0.6666666666666666, 0.7083333333333334, 0.7916666666666666]
new_2_oldTask_7: [0.3125, 0.5, 0.7777777777777778]
new_7_oldTask_7: [0.625, 0.7142857142857143, 0.6666666666666666]
new_6_oldTask_6: [0.625]
new_6_oldTask_7: [0.5]
new_8_oldTask_1: [0.625, 0.5]
new_8_oldTask_2: [0.75, 0.64]
new_8_oldTask_3: [0.7333333333333333, 0.5]
new_8_oldTask_4: [0.375, 0.5416666666666666]
new_8_oldTask_5: [0.7142857142857143, 0.5625]
new_8_oldTask_6: [0.875, 0.7083333333333334]
new_8_oldTask_7: [0.5714285714285714, 0.6111111111111112]
new_4_oldTask_8: [0.8, 0.75]
new_5_oldTask_8: [1.0]
new_1_oldTask_8: [0.95]
new_7_oldTask_8: [0.8]
new_2_oldTask_8: [0.75]
new_8_oldTask_8: [0.7037037037037037]
