new_2_oldTask_1: [0.55, 0.4666666666666667, 0.7083333333333334, 0.6363636363636364]
new_3_oldTask_1: [0.8, 0.4, 0.4]
new_3_oldTask_2: [0.7083333333333334, 0.5833333333333334, 0.7272727272727273]
new_4_oldTask_1: [0.85, 0.4666666666666667, 0.5, 0.7727272727272727]
new_4_oldTask_2: [0.5416666666666666, 0.7083333333333334, 0.6071428571428571, 0.5714285714285714]
new_4_oldTask_3: [0.7083333333333334, 0.4583333333333333, 0.5, 0.5]
new_5_oldTask_1: [0.45, 0.4, 0.6666666666666666, 0.5416666666666666]
new_5_oldTask_2: [0.5416666666666666, 0.5416666666666666, 0.9285714285714286, 0.5714285714285714]
new_5_oldTask_3: [0.5416666666666666, 0.75, 0.8333333333333334, 0.5666666666666667]
new_5_oldTask_4: [0.5, 0.25, 0.3125, 0.65]
new_6_oldTask_1: [0.65, 0.4666666666666667]
new_6_oldTask_2: [0.5416666666666666, 0.7727272727272727]
new_6_oldTask_3: [0.8333333333333334, 0.7916666666666666]
new_6_oldTask_4: [0.25, 0.625]
new_6_oldTask_5: [0.5217391304347826, 0.631578947368421]
new_7_oldTask_1: [0.85, 0.4666666666666667, 0.7083333333333334, 0.7727272727272727]
new_7_oldTask_2: [0.7083333333333334, 0.7727272727272727, 0.5357142857142857, 0.6071428571428571]
new_7_oldTask_3: [0.8333333333333334, 0.75, 0.7, 0.7]
new_7_oldTask_4: [0.5, 0.625, 0.625, 0.7916666666666666]
new_7_oldTask_5: [0.6086956521739131, 0.631578947368421, 0.631578947368421, 0.8125]
new_7_oldTask_6: [0.8571428571428571, 0.5714285714285714, 0.7083333333333334, 0.7916666666666666]
new_1_oldTask_1: [1.0, 0.75, 0.9090909090909091]
new_1_oldTask_2: [0.7916666666666666, 0.7727272727272727, 0.6785714285714286]
new_1_oldTask_3: [0.6666666666666666, 0.7333333333333333, 0.5666666666666667]
new_1_oldTask_4: [0.25, 0.5, 0.55]
new_1_oldTask_5: [0.391304347826087, 0.42105263157894735, 1.0]
new_1_oldTask_6: [0.7142857142857143, 0.625, 0.625]
new_1_oldTask_7: [0.6875, 0.375, 0.5714285714285714]
new_3_oldTask_3: [0.7916666666666666, 0.7333333333333333]
new_3_oldTask_4: [0.25, 0.25]
new_3_oldTask_5: [0.34782608695652173, 0.3684210526315789]
new_3_oldTask_6: [0.7142857142857143, 0.7083333333333334]
new_3_oldTask_7: [0.8125, 0.625]
new_5_oldTask_5: [0.9473684210526315, 0.9047619047619048, 1.0]
new_5_oldTask_6: [0.6190476190476191, 0.75, 0.5833333333333334]
new_5_oldTask_7: [0.5, 0.7142857142857143, 0.5714285714285714]
new_4_oldTask_4: [0.75, 0.8, 0.9166666666666666]
new_4_oldTask_5: [0.9473684210526315, 0.6190476190476191, 0.6875]
new_4_oldTask_6: [0.5714285714285714, 0.8333333333333334, 0.625]
new_4_oldTask_7: [0.5625, 0.42857142857142855, 0.7142857142857143]
new_2_oldTask_2: [0.5454545454545454, 0.8928571428571429, 0.72]
new_2_oldTask_3: [0.4583333333333333, 0.8333333333333334, 0.43333333333333335]
new_2_oldTask_4: [0.3125, 0.375, 0.5]
new_2_oldTask_5: [0.47368421052631576, 0.42105263157894735, 0.5]
new_2_oldTask_6: [0.5238095238095238, 0.75, 0.7083333333333334]
new_2_oldTask_7: [0.625, 0.5, 0.7777777777777778]
new_7_oldTask_7: [0.625, 0.7142857142857143, 0.6111111111111112]
new_6_oldTask_6: [0.875]
new_6_oldTask_7: [0.5]
new_8_oldTask_1: [0.5416666666666666, 0.5]
new_8_oldTask_2: [0.5357142857142857, 0.64]
new_8_oldTask_3: [0.4, 0.5]
new_8_oldTask_4: [0.75, 0.5416666666666666]
new_8_oldTask_5: [0.5714285714285714, 0.5625]
new_8_oldTask_6: [0.7083333333333334, 0.7083333333333334]
new_8_oldTask_7: [0.42857142857142855, 0.6111111111111112]
new_4_oldTask_8: [0.8, 0.7]
new_5_oldTask_8: [1.0]
new_1_oldTask_8: [1.0]
new_7_oldTask_8: [0.8]
new_2_oldTask_8: [0.5]
new_8_oldTask_8: [0.7037037037037037]
