new_2_oldTask_1: [0.6, 0.4, 0.75, 0.7727272727272727]
new_3_oldTask_1: [0.65, 0.7333333333333333, 0.4666666666666667]
new_3_oldTask_2: [0.4166666666666667, 0.7916666666666666, 0.8181818181818182]
new_4_oldTask_1: [0.6, 0.4666666666666667, 0.5833333333333334, 0.7727272727272727]
new_4_oldTask_2: [0.6666666666666666, 0.5416666666666666, 0.6071428571428571, 0.5714285714285714]
new_4_oldTask_3: [0.7083333333333334, 0.5833333333333334, 0.7, 0.5]
new_5_oldTask_1: [0.4, 0.4, 0.6666666666666666, 0.5]
new_5_oldTask_2: [0.5833333333333334, 0.5, 0.75, 0.5714285714285714]
new_5_oldTask_3: [0.4166666666666667, 0.7916666666666666, 0.7333333333333333, 0.5]
new_5_oldTask_4: [0.25, 0.25, 0.375, 0.7]
new_6_oldTask_1: [0.7, 0.4666666666666667]
new_6_oldTask_2: [0.7083333333333334, 0.7727272727272727]
new_6_oldTask_3: [0.25, 0.4583333333333333]
new_6_oldTask_4: [0.25, 0.625]
new_6_oldTask_5: [0.5217391304347826, 0.7894736842105263]
new_7_oldTask_1: [0.8, 0.5333333333333333, 0.7083333333333334, 0.7727272727272727]
new_7_oldTask_2: [0.625, 0.8181818181818182, 0.5357142857142857, 0.5714285714285714]
new_7_oldTask_3: [0.5, 0.041666666666666664, 0.7, 0.5]
new_7_oldTask_4: [0.5, 0.375, 0.4375, 1.0]
new_7_oldTask_5: [0.7391304347826086, 0.7894736842105263, 0.631578947368421, 0.8125]
new_7_oldTask_6: [0.7142857142857143, 0.47619047619047616, 0.75, 0.625]
new_1_oldTask_1: [0.6666666666666666, 0.875, 0.9090909090909091]
new_1_oldTask_2: [0.7083333333333334, 0.6363636363636364, 0.5714285714285714]
new_1_oldTask_3: [0.375, 0.8, 0.43333333333333335]
new_1_oldTask_4: [0.0, 0.0625, 0.65]
new_1_oldTask_5: [0.391304347826087, 0.3157894736842105, 1.0]
new_1_oldTask_6: [0.5714285714285714, 0.5416666666666666, 0.625]
new_1_oldTask_7: [0.5625, 0.625, 0.5714285714285714]
new_3_oldTask_3: [0.9166666666666666, 0.7333333333333333]
new_3_oldTask_4: [0.25, 0.25]
new_3_oldTask_5: [0.6086956521739131, 0.5263157894736842]
new_3_oldTask_6: [0.7142857142857143, 0.9166666666666666]
new_3_oldTask_7: [0.3125, 0.5]
new_5_oldTask_5: [0.7894736842105263, 0.8571428571428571, 1.0]
new_5_oldTask_6: [0.6666666666666666, 0.625, 0.625]
new_5_oldTask_7: [0.25, 0.8571428571428571, 0.5714285714285714]
new_4_oldTask_4: [0.8125, 0.8, 1.0]
new_4_oldTask_5: [0.9473684210526315, 0.7619047619047619, 0.8125]
new_4_oldTask_6: [0.6666666666666666, 0.7916666666666666, 0.625]
new_4_oldTask_7: [0.25, 0.42857142857142855, 0.5714285714285714]
new_2_oldTask_2: [0.6363636363636364, 0.7857142857142857, 0.64]
new_2_oldTask_3: [0.5416666666666666, 0.8333333333333334, 0.5]
new_2_oldTask_4: [0.9375, 0.125, 0.375]
new_2_oldTask_5: [0.631578947368421, 0.42105263157894735, 0.8125]
new_2_oldTask_6: [0.7142857142857143, 0.6666666666666666, 0.8333333333333334]
new_2_oldTask_7: [0.4375, 0.625, 0.8333333333333334]
new_7_oldTask_7: [0.75, 0.7142857142857143, 0.6666666666666666]
new_6_oldTask_6: [0.875]
new_6_oldTask_7: [0.5]
new_8_oldTask_1: [0.625, 0.5]
new_8_oldTask_2: [0.7142857142857143, 0.6]
new_8_oldTask_3: [0.5666666666666667, 0.6333333333333333]
new_8_oldTask_4: [0.375, 0.125]
new_8_oldTask_5: [0.6666666666666666, 0.5625]
new_8_oldTask_6: [0.7083333333333334, 0.6666666666666666]
new_8_oldTask_7: [0.5714285714285714, 0.5555555555555556]
new_4_oldTask_8: [0.8, 0.8]
new_5_oldTask_8: [1.0]
new_1_oldTask_8: [1.0]
new_7_oldTask_8: [0.8]
new_2_oldTask_8: [0.8]
new_8_oldTask_8: [0.7777777777777778]
