new_2_oldTask_1: [0.3, 0.4666666666666667, 0.7916666666666666, 0.8181818181818182]
new_3_oldTask_1: [0.5, 0.4666666666666667, 0.5333333333333333]
new_3_oldTask_2: [0.4166666666666667, 0.5833333333333334, 0.9090909090909091]
new_4_oldTask_1: [0.55, 0.4, 0.5416666666666666, 0.8181818181818182]
new_4_oldTask_2: [0.4166666666666667, 0.5416666666666666, 0.6071428571428571, 0.5357142857142857]
new_4_oldTask_3: [0.625, 0.5833333333333334, 0.4666666666666667, 0.6333333333333333]
new_5_oldTask_1: [0.5, 0.4, 0.6666666666666666, 0.4166666666666667]
new_5_oldTask_2: [0.5, 0.625, 0.75, 0.5357142857142857]
new_5_oldTask_3: [0.5833333333333334, 0.75, 0.7333333333333333, 0.4]
new_5_oldTask_4: [0.5, 0.25, 0.375, 0.7]
new_6_oldTask_1: [0.8, 0.5333333333333333]
new_6_oldTask_2: [0.5416666666666666, 0.7727272727272727]
new_6_oldTask_3: [0.8333333333333334, 0.5833333333333334]
new_6_oldTask_4: [0.5, 0.625]
new_6_oldTask_5: [0.43478260869565216, 0.7894736842105263]
new_7_oldTask_1: [0.8, 0.5333333333333333, 0.6666666666666666, 0.7727272727272727]
new_7_oldTask_2: [0.7083333333333334, 0.8636363636363636, 0.8571428571428571, 0.6071428571428571]
new_7_oldTask_3: [0.7083333333333334, 0.5, 0.7333333333333333, 0.6]
new_7_oldTask_4: [0.5, 0.5625, 0.375, 0.7916666666666666]
new_7_oldTask_5: [0.6086956521739131, 0.7894736842105263, 0.42105263157894735, 0.8125]
new_7_oldTask_6: [0.7619047619047619, 0.6190476190476191, 0.7083333333333334, 0.7916666666666666]
new_1_oldTask_1: [0.8666666666666667, 0.7916666666666666, 0.9545454545454546]
new_1_oldTask_2: [0.7916666666666666, 0.7727272727272727, 0.5357142857142857]
new_1_oldTask_3: [0.75, 0.7, 0.5]
new_1_oldTask_4: [0.25, 0.375, 0.7]
new_1_oldTask_5: [0.391304347826087, 0.47368421052631576, 0.9375]
new_1_oldTask_6: [0.6666666666666666, 0.5833333333333334, 0.5833333333333334]
new_1_oldTask_7: [0.8125, 0.625, 0.7142857142857143]
new_3_oldTask_3: [0.7916666666666666, 0.8]
new_3_oldTask_4: [0.0, 0.3125]
new_3_oldTask_5: [0.391304347826087, 0.42105263157894735]
new_3_oldTask_6: [0.6190476190476191, 0.7916666666666666]
new_3_oldTask_7: [0.6875, 0.5]
new_5_oldTask_5: [0.7894736842105263, 0.8571428571428571, 0.9375]
new_5_oldTask_6: [0.7142857142857143, 0.625, 0.5833333333333334]
new_5_oldTask_7: [0.8125, 0.8571428571428571, 0.7142857142857143]
new_4_oldTask_4: [0.8125, 0.8, 0.9583333333333334]
new_4_oldTask_5: [0.9473684210526315, 0.7142857142857143, 0.75]
new_4_oldTask_6: [0.6666666666666666, 0.7916666666666666, 0.5833333333333334]
new_4_oldTask_7: [0.5625, 0.5714285714285714, 0.7142857142857143]
new_2_oldTask_2: [0.5454545454545454, 0.9285714285714286, 0.72]
new_2_oldTask_3: [0.625, 0.8333333333333334, 0.4]
new_2_oldTask_4: [1.0, 0.3125, 0.5416666666666666]
new_2_oldTask_5: [0.7894736842105263, 0.42105263157894735, 0.75]
new_2_oldTask_6: [0.6666666666666666, 0.7083333333333334, 0.7916666666666666]
new_2_oldTask_7: [0.4375, 0.5, 0.7777777777777778]
new_7_oldTask_7: [0.625, 0.9285714285714286, 0.6666666666666666]
new_6_oldTask_6: [0.8333333333333334]
new_6_oldTask_7: [0.5]
new_8_oldTask_1: [0.625, 0.45454545454545453]
new_8_oldTask_2: [0.5357142857142857, 0.64]
new_8_oldTask_3: [0.5666666666666667, 0.6333333333333333]
new_8_oldTask_4: [0.5625, 0.08333333333333333]
new_8_oldTask_5: [0.5714285714285714, 0.5]
new_8_oldTask_6: [0.7083333333333334, 0.6666666666666666]
new_8_oldTask_7: [0.42857142857142855, 0.6666666666666666]
new_4_oldTask_8: [0.8, 0.75]
new_5_oldTask_8: [0.95]
new_1_oldTask_8: [0.95]
new_7_oldTask_8: [0.8]
new_2_oldTask_8: [0.75]
new_8_oldTask_8: [0.7037037037037037]
