new_2_oldTask_1: [0.65, 0.8235294117647058, 0.7777777777777778, 0.875]
new_1_oldTask_1: [0.45, 0.5294117647058824, 0.7777777777777778, 0.5]
new_1_oldTask_2: [0.4444444444444444, 0.4444444444444444, 0.9375, 0.7368421052631579]
new_3_oldTask_1: [0.4]
new_3_oldTask_2: [0.5555555555555556]
new_1_oldTask_3: [0.5, 0.6363636363636364, 0.8636363636363636]
new_2_oldTask_2: [0.9375, 0.7894736842105263, 0.9444444444444444]
new_2_oldTask_3: [0.6363636363636364, 0.6363636363636364, 0.2727272727272727]
