new_2_oldTask_1: [0.25, 0.47058823529411764, 0.7777777777777778, 0.875]
new_1_oldTask_1: [0.35, 0.8235294117647058, 0.5555555555555556, 0.1875]
new_1_oldTask_2: [0.5555555555555556, 0.6111111111111112, 0.3125, 0.42105263157894735]
new_3_oldTask_1: [0.35]
new_3_oldTask_2: [0.6111111111111112]
new_1_oldTask_3: [0.6363636363636364, 0.7272727272727273, 0.7272727272727273]
new_2_oldTask_2: [0.625, 0.7894736842105263, 0.9444444444444444]
new_2_oldTask_3: [0.5, 0.6363636363636364, 0.2727272727272727]
