new_2_oldTask_1: [0.9, 0.7058823529411765, 0.7777777777777778, 0.875]
new_1_oldTask_1: [0.45, 0.8235294117647058, 0.7777777777777778, 0.4375]
new_1_oldTask_2: [0.3888888888888889, 0.5555555555555556, 0.9375, 0.7368421052631579]
new_3_oldTask_1: [0.35]
new_3_oldTask_2: [0.6111111111111112]
new_1_oldTask_3: [0.6363636363636364, 0.6363636363636364, 0.8636363636363636]
new_2_oldTask_2: [0.625, 0.7894736842105263, 0.9444444444444444]
new_2_oldTask_3: [0.8636363636363636, 0.6363636363636364, 0.2727272727272727]
