dualprompt_ImbalancedTasks.csv_0: [(1, 0), (2, 0), (1, 0.2857142857142857), (2, 9.0), (1, 0.14285714285714285), (2, 1.6666666666666667), (2, 0.2857142857142857), (3, 0.5), (1, 0.25), (3, 0.25), (2, 0.1111111111111111), (3, 1.5), (1, 0.0), (3, 0.14285714285714285), (2, 0.5714285714285714), (3, 1.2), (1, 0.0), (3, 0.14285714285714285)]
dualprompt_ImbalancedTasks.csv_1: [(1, 0), (2, 0), (1, 0.2857142857142857), (2, 9.0), (1, 0.14285714285714285), (2, 1.6666666666666667), (2, 0.2857142857142857), (3, 0.5), (1, 0.25), (3, 0.25), (2, 0.1111111111111111), (3, 1.5), (1, 0.0), (3, 0.14285714285714285), (2, 0.5714285714285714), (3, 1.2), (1, 0.0), (3, 0.14285714285714285)]
dualprompt_ImbalancedTasks.csv_2: [(1, 0), (2, 0), (1, 0.2857142857142857), (2, 9.0), (1, 0.14285714285714285), (2, 1.6666666666666667), (2, 0.2857142857142857), (3, 0.5), (1, 0.25), (3, 0.25), (2, 0.1111111111111111), (3, 1.5), (1, 0.0), (3, 0.14285714285714285), (2, 0.5714285714285714), (3, 1.2), (1, 0.0), (3, 0.14285714285714285)]
dualprompt_ImbalancedTasks.csv_3: [(1, 0), (2, 0), (1, 0.2857142857142857), (2, 9.0), (1, 0.14285714285714285), (2, 1.6666666666666667), (2, 0.2857142857142857), (3, 0.5), (1, 0.25), (3, 0.25), (2, 0.1111111111111111), (3, 1.5), (1, 0.0), (3, 0.14285714285714285), (2, 0.5714285714285714), (3, 1.2), (1, 0.0), (3, 0.14285714285714285)]
dualprompt_ImbalancedTasks.csv_4: [(1, 0), (2, 0), (1, 0.2857142857142857), (2, 9.0), (1, 0.14285714285714285), (2, 1.6666666666666667), (2, 0.2857142857142857), (3, 0.5), (1, 0.25), (3, 0.25), (2, 0.1111111111111111), (3, 1.5), (1, 0.0), (3, 0.14285714285714285), (2, 0.5714285714285714), (3, 1.2), (1, 0.0), (3, 0.14285714285714285)]
