new_2_oldTask_1: [0.2222222222222222, 0.7777777777777778, 0.782608695652174, 0.6956521739130435, 0.9, 0.6086956521739131, 0.6521739130434783, 0.8260869565217391, 0.7692307692307693, 0.8823529411764706]
new_3_oldTask_1: [0.7777777777777778, 0.7777777777777778, 0.6521739130434783, 0.6521739130434783, 0.75, 0.85, 0.6521739130434783, 0.8695652173913043, 0.782608695652174, 0.8695652173913043, 0.8461538461538461, 0.8461538461538461]
new_3_oldTask_2: [0.631578947368421, 0.8125, 0.8235294117647058, 0.8666666666666667, 0.7777777777777778, 0.7222222222222222, 0.8, 0.7058823529411765, 0.8235294117647058, 0.7857142857142857, 0.7142857142857143, 0.9285714285714286]
new_2_oldTask_2: [0.8125, 0.7058823529411765, 0.7333333333333333, 0.7222222222222222, 0.8, 0.7647058823529411, 0.7142857142857143, 0.7142857142857143, 0.8125]
new_2_oldTask_3: [0.5, 0.64, 0.5, 0.7407407407407407, 0.7083333333333334, 0.5833333333333334, 0.7916666666666666, 0.68, 1.0]
new_3_oldTask_3: [0.76, 0.5833333333333334, 0.7777777777777778, 0.75, 0.8333333333333334, 0.6666666666666666, 0.8076923076923077, 0.5, 0.5217391304347826, 0.84, 0.7272727272727273]
new_1_oldTask_1: [0.782608695652174, 0.9, 0.8260869565217391, 0.8846153846153846, 0.7058823529411765]
new_1_oldTask_2: [0.875, 0.8, 0.8333333333333334, 0.7142857142857143, 0.5714285714285714]
new_1_oldTask_3: [0.72, 0.6666666666666666, 0.875, 0.6956521739130435, 0.7272727272727273]
new_4_oldTask_1: [0.9, 0.5652173913043478, 0.6470588235294118, 0.6470588235294118]
new_4_oldTask_2: [0.7222222222222222, 0.8823529411764706, 0.6428571428571429, 0.6875]
new_4_oldTask_3: [0.7916666666666666, 0.6923076923076923, 0.9090909090909091, 1.0]
new_3_oldTask_4: [0.875, 0.875, 0.6875, 0.6666666666666666, 0.7222222222222222, 0.6111111111111112, 0.7222222222222222]
new_1_oldTask_4: [0.875, 0.6111111111111112, 0.6666666666666666]
new_2_oldTask_4: [0.875, 0.6875, 0.6111111111111112, 0.7777777777777778, 0.6818181818181818]
new_5_oldTask_1: [0.8695652173913043, 0.8846153846153846, 0.8823529411764706]
new_5_oldTask_2: [0.7058823529411765, 0.7857142857142857, 0.9285714285714286]
new_5_oldTask_3: [0.6923076923076923, 0.6086956521739131, 1.0]
new_5_oldTask_4: [0.6875, 0.7222222222222222, 0.5909090909090909]
new_4_oldTask_4: [0.7777777777777778, 0.8181818181818182, 0.8260869565217391]
new_4_oldTask_5: [0.9375, 0.7647058823529411, 0.7692307692307693]
new_3_oldTask_5: [0.6875, 0.5625, 0.6470588235294118, 0.7647058823529411]
new_2_oldTask_5: [0.625, 0.7647058823529411, 0.6923076923076923]
new_1_oldTask_5: [0.75, 0.7647058823529411]
new_5_oldTask_5: [0.7647058823529411, 0.7307692307692307]
