new_2_oldTask_1: [0.5, 0.7777777777777778, 0.6956521739130435, 0.6956521739130435, 0.9, 0.6086956521739131, 0.6521739130434783, 0.8695652173913043, 0.7692307692307693, 0.8235294117647058]
new_3_oldTask_1: [0.6111111111111112, 0.7777777777777778, 0.6521739130434783, 0.6521739130434783, 0.7, 0.85, 0.6521739130434783, 0.8695652173913043, 0.8260869565217391, 0.6521739130434783, 0.7692307692307693, 0.7692307692307693]
new_3_oldTask_2: [0.631578947368421, 0.8125, 0.8235294117647058, 0.8666666666666667, 0.7222222222222222, 0.6666666666666666, 0.8, 0.7058823529411765, 0.8235294117647058, 0.7857142857142857, 0.7142857142857143, 0.9285714285714286]
new_2_oldTask_2: [0.8125, 0.7647058823529411, 0.7333333333333333, 0.7222222222222222, 0.8, 0.7647058823529411, 0.7857142857142857, 0.7142857142857143, 0.75]
new_2_oldTask_3: [0.75, 0.72, 0.625, 0.8518518518518519, 0.875, 0.625, 0.75, 0.72, 0.9545454545454546]
new_3_oldTask_3: [0.76, 0.75, 0.7777777777777778, 0.75, 0.8333333333333334, 0.6666666666666666, 0.8076923076923077, 0.7083333333333334, 0.6521739130434783, 0.68, 0.6818181818181818]
new_1_oldTask_1: [0.782608695652174, 0.8, 0.6086956521739131, 0.8846153846153846, 0.7058823529411765]
new_1_oldTask_2: [0.875, 0.8, 0.6666666666666666, 0.7857142857142857, 0.5714285714285714]
new_1_oldTask_3: [0.72, 0.8518518518518519, 0.875, 0.6956521739130435, 0.7727272727272727]
new_4_oldTask_1: [0.85, 0.5652173913043478, 0.7058823529411765, 0.7647058823529411]
new_4_oldTask_2: [0.8333333333333334, 0.8823529411764706, 0.5714285714285714, 0.75]
new_4_oldTask_3: [0.7916666666666666, 0.6153846153846154, 0.7727272727272727, 0.6818181818181818]
new_3_oldTask_4: [0.875, 0.875, 0.6875, 0.6111111111111112, 0.7222222222222222, 0.5555555555555556, 0.7222222222222222]
new_1_oldTask_4: [0.875, 0.6666666666666666, 0.6666666666666666]
new_2_oldTask_4: [0.875, 0.6875, 0.6111111111111112, 0.8333333333333334, 0.8636363636363636]
new_5_oldTask_1: [0.8260869565217391, 0.8076923076923077, 0.6470588235294118]
new_5_oldTask_2: [0.8235294117647058, 0.7857142857142857, 0.5714285714285714]
new_5_oldTask_3: [0.6538461538461539, 0.7391304347826086, 0.8636363636363636]
new_5_oldTask_4: [0.875, 0.6666666666666666, 0.7727272727272727]
new_4_oldTask_4: [0.7777777777777778, 0.8636363636363636, 0.7391304347826086]
new_4_oldTask_5: [0.9375, 0.7647058823529411, 0.7307692307692307]
new_3_oldTask_5: [0.8125, 0.875, 0.6470588235294118, 0.7647058823529411]
new_2_oldTask_5: [0.75, 0.7647058823529411, 0.6923076923076923]
new_1_oldTask_5: [0.6875, 0.7647058823529411]
new_5_oldTask_5: [0.7647058823529411, 0.8461538461538461]
