new_2_oldTask_1: [0.5, 0.5, 0.6521739130434783, 0.6956521739130435, 0.9, 0.6086956521739131, 0.6521739130434783, 0.6521739130434783, 0.8076923076923077, 0.9411764705882353]
new_3_oldTask_1: [0.5, 0.7777777777777778, 0.6521739130434783, 0.6521739130434783, 0.7, 0.65, 0.6956521739130435, 0.8695652173913043, 0.6086956521739131, 0.6521739130434783, 0.8461538461538461, 0.8846153846153846]
new_3_oldTask_2: [0.3157894736842105, 0.875, 0.8235294117647058, 0.7333333333333333, 0.7222222222222222, 0.8333333333333334, 0.7333333333333333, 0.7058823529411765, 0.8823529411764706, 0.8571428571428571, 0.7142857142857143, 0.9285714285714286]
new_2_oldTask_2: [0.5625, 0.8235294117647058, 0.7333333333333333, 0.7222222222222222, 0.8, 0.7647058823529411, 0.8571428571428571, 0.8571428571428571, 0.8125]
new_2_oldTask_3: [0.5, 0.72, 0.625, 0.6666666666666666, 0.6666666666666666, 0.5416666666666666, 0.75, 0.76, 0.9545454545454546]
new_3_oldTask_3: [0.76, 0.5833333333333334, 0.8888888888888888, 0.6666666666666666, 0.875, 0.75, 0.8076923076923077, 0.7083333333333334, 0.5652173913043478, 0.8, 0.9090909090909091]
new_1_oldTask_1: [0.6956521739130435, 0.8, 0.6521739130434783, 0.8846153846153846, 0.8235294117647058]
new_1_oldTask_2: [0.8125, 0.8, 0.7777777777777778, 0.8571428571428571, 0.7857142857142857]
new_1_oldTask_3: [0.6, 0.6296296296296297, 0.6666666666666666, 0.6956521739130435, 0.9090909090909091]
new_4_oldTask_1: [0.85, 0.6086956521739131, 0.8235294117647058, 0.7647058823529411]
new_4_oldTask_2: [0.6666666666666666, 0.8823529411764706, 0.7857142857142857, 0.75]
new_4_oldTask_3: [0.7083333333333334, 0.6538461538461539, 0.9090909090909091, 1.0]
new_3_oldTask_4: [0.6875, 0.6875, 0.6875, 0.7222222222222222, 0.7777777777777778, 0.5555555555555556, 0.6666666666666666]
new_1_oldTask_4: [0.875, 0.7222222222222222, 0.7222222222222222]
new_2_oldTask_4: [0.875, 0.6875, 0.6666666666666666, 0.7777777777777778, 0.7272727272727273]
new_5_oldTask_1: [0.8695652173913043, 0.6923076923076923, 0.8823529411764706]
new_5_oldTask_2: [0.7058823529411765, 0.8571428571428571, 0.8571428571428571]
new_5_oldTask_3: [0.6923076923076923, 0.5217391304347826, 0.8636363636363636]
new_5_oldTask_4: [0.6875, 0.7222222222222222, 0.6818181818181818]
new_4_oldTask_4: [0.7777777777777778, 0.7272727272727273, 0.7391304347826086]
new_4_oldTask_5: [0.9375, 0.8823529411764706, 0.6538461538461539]
new_3_oldTask_5: [0.6875, 0.625, 0.6470588235294118, 0.7647058823529411]
new_2_oldTask_5: [0.5, 0.8823529411764706, 0.6538461538461539]
new_1_oldTask_5: [0.75, 0.8823529411764706]
new_5_oldTask_5: [0.8823529411764706, 0.7692307692307693]
